 x                         y                       local error
  -5.7847472442301040E-002 -0.76531041949024070        7.5491770974100980E-005
 -0.87867014913161623      -0.27584513596585469       -5.7603017982305049E-004
 -0.41944296216275534      -0.14807215357927661       -4.3090440009496689E-005
   9.7465366809273091E-002   5.8272371724287453E-002  -6.9565277557526173E-005
  -6.2514403299897658E-002  -3.2028238282283628E-002   5.3533075094147620E-005
 -0.63758167144550315      -0.23208069917373564       -4.3622448988567264E-004
 -0.21129152869021617       0.85129990973537528       -2.8679649633189808E-004
  0.52413102414898516       0.64511087596098915       -1.0624560975980302E-004
 -0.70471591757244001      -0.30594074767197710        1.2682612777992208E-004
  0.70002086807321517       0.69203642373253182        5.1171568408070467E-004
 -0.70937624346067119       0.78314777490995491       -2.1559764626910560E-004
 -0.19733595856220365       0.12161178347410817       -2.2974285297472363E-004
 -0.73909793853637940       -5.1926188960472075E-002  -4.7268253167465080E-004
  0.30747521524873789        6.5111604113080812E-002   1.0726046276010592E-004
  0.54216862351235595      -0.90442077081801675        3.6209168739464725E-003
  0.73828191176399161       0.32973889458467531       -2.0408407207295198E-005
  0.67007275110215536      -0.49285138569408904        5.8049533407333875E-004
 -0.56230245483328956       0.39961495960765436       -3.2744595987521663E-004
  0.47113923582611639       0.73910838837238368       -5.0298861601094647E-004
 -0.24078783685707439       0.43550492425485654        4.6008948383802206E-004
  0.84527904172936097      -0.16220415453842341        1.9550850315730450E-004
  0.55478607540617553      -0.54866129617381376       -6.7290424319410569E-004
 -0.27582899635313152      -0.15487508111190840        6.7922493882655033E-006
 -0.87530091062322501        6.0311836314927536E-002   9.7592907884691549E-005
 -0.71702091890834363      -0.85470794979548925        9.0206261938896581E-005
  0.58627533911463225       0.47168393116545815        2.9529639117287232E-005
  0.60050862010001604       0.36077601983385654       -7.6927082162114857E-006
 -0.90123782203645897       0.21396333326931605       -5.2295500443710896E-004
  0.43906840422307924       0.86731194754620700        1.1560659998723355E-003
  0.72910815482588109        2.2802958027879017E-002   2.2733263004615090E-004
  0.11982115320222619       0.68736995975610560        2.3334889030990347E-004
  0.81925415461925066       0.43977403678740634       -1.0211493947119843E-003
 -0.34559885223804065       -8.7093758648576269E-002   3.6417293770041326E-004
 -0.23148664243926032       -5.7721937712616578E-002   2.8625283156991088E-004
 -0.59641648135447634       0.72114755584760992       -8.2163459887318879E-005
 -0.58757942461157908       0.47551722708457578        1.8109112014630391E-004
  0.31342630924656101      -0.50377637821220489        1.8252379562497811E-003
  0.12295321599879250       0.54849997725143940        4.1672393359886151E-003
  0.28662968757827456       0.40703905076737490       -1.2228437893102573E-004
 -0.47308616813603321       0.17098929441906607        3.7752408583124897E-004
  0.71254255561349789       0.18631270368463837        2.7572572216461033E-004
 -0.68639903631432531        4.1209324842590433E-003  -2.4874395609941757E-005
  -7.9010371778085675E-002 -0.55831426841401499        4.7415339592982164E-004
  0.79530111757427213      -0.48049478915617372       -5.1518585125553962E-004
  0.17640555598473084        3.3978594840776033E-002   2.8533134206476518E-005
  0.38950160099162900      -0.85230469233591055       -5.9943635809039941E-004
 -0.80265033741450975       0.66026680066245591       -3.5031026295323509E-004
  0.59777722499406094      -0.65037391513126619       -5.9456380154798705E-004
   4.9038583834854377E-002 -0.35959526691286547       -5.6843428893094128E-004
  0.32883613843374393       0.69312025082180373       -1.2649349528937037E-004
 -0.83346207274019135       0.31790880781282893        5.3486630648302835E-005
  0.68998780247962777      -0.24950486347823553       -5.5947035958658908E-004
  0.12637828502517912      -0.60083690220352226       -5.3225096754072609E-004
 -0.50334868042631720      -0.82298403994376979        3.4623736252137327E-004
  0.77203237382709466        9.0642802829202340E-002   3.5032083590125218E-005
 -0.63390832065302893       0.65258542214250381       -2.8802019881724039E-004
 -0.24614092750565053       0.56844361185723868       -9.9888558529737104E-004
  0.20866315033302407       0.88444029750046038        1.6221481899126866E-003
  0.46682165712844781      -0.12444284820555196       -1.8423969607206381E-004
  0.26777837351041023      -0.68349028640258824        5.4627610280477690E-004
  0.79052645414862788       0.70491822722370179       -1.5109952556224826E-004
  -5.7625210689277173E-002  0.91019095021771679        7.8951730694348798E-004
  -1.6117115198544640E-002  0.53273610517578951        1.9446323562628542E-003
  -2.1816879224871633E-002 -0.68325372346564328       -2.7106613744587449E-004
 -0.29696656318595127      -0.36250326196888505        2.2022809400645826E-004
 -0.28462247243608818      -0.53065360567336173        7.8513958417403273E-004
  0.30605271834218906      -0.88771234738783789        8.0118812596025046E-004
 -0.81272900396677050       0.12692566162087937        8.4897646167714225E-004
 -0.87638834282054190       0.40255768818374182        5.6163535252512498E-004
  0.19180815047085398      -0.52397932679765513        1.5230601389764065E-003
 -0.44122522787570562        1.3208274769436423E-002  -6.1159480948158595E-004
  0.34111505044390222      -0.61143680023449520        8.9971461366933347E-004
 -0.17807078023749190      -0.14021536140861635       -2.1824092991273858E-004
 -0.29362602134414351      -0.65542452198155221       -1.6782391751513082E-004
 -0.50777946959395237      -0.19917904462818625        3.1548954870475043E-004
 -0.90597748312776050       0.76437132218950588       -1.7209168933372265E-003
 -0.35958549374253490       0.70840314600455589       -4.9979672024913491E-004
  0.92498066535432333       0.15536996120188129       -1.9231382696546229E-003
 -0.52320138931155213       0.59720970586344313        9.0258674886756207E-004
 -0.11809561279958158      -0.88259493910191078       -9.5986446243423451E-005
  0.68574321371419189      -0.71779596976123838       -2.4257390649318200E-004
  0.92084840214241104        1.1598500482504770E-002   1.3786322662422412E-003
  0.77521976453423025      -0.85602804052964276        5.3799396440190606E-004
 -0.42287496325984630      -0.25238511433941824       -1.6602269284460291E-005
   5.3900205172878746E-003  0.35693950894401794       -5.3866567632221418E-004
  0.23803475524560991       0.71202537069125360       -7.4986959944922660E-004
  0.26987393545002081      -0.10144316357004879        3.0108462931188740E-004
 -0.82468897072337088      -0.46288451986070789        9.9716218839829285E-004
 -0.50498374176205307       0.78170073111714511        7.7574195656571199E-004
   5.2766451005367143E-002 -0.89820516298359632       -6.7288500359178327E-003
 -0.64310095985187665        7.9173788529043332E-002  -4.6054635145509337E-006
 -0.13494391412009565        1.8277580642809266E-002   2.7973043710449730E-004
  0.90482973435356917       0.82922923647881830       -7.2931826296986080E-004
  0.88847568102558716      -0.42797858948068002        2.5092401994702973E-004
 -0.43970281409398249       0.63596176923341541       -6.5825748439163334E-005
 -0.20380334821066226      -0.52211634231362014        2.4477655959675992E-004
  0.34236947777025439       0.30051021826410196       -3.6358855083329367E-004
   6.0718107137247568E-002  0.86371054631540356       -7.8097654960829210E-004
  0.19209064985663837      -0.75387927181649483        6.8129346485745756E-004
 -0.56299436081831633       0.90671964078578715       -1.7061285073200760E-003
  0.82614748990378439       0.61511024490689237       -1.2727749778229658E-004
 -0.75312281806524406      -0.52677844018020270        2.2157768218700191E-004
 -0.70227194661733350      -0.68601109015926931        4.0556322231122266E-004
 -0.15283038641441826       -6.4568491140073236E-002  -9.8195051397187427E-005
  0.59521235000235473      -0.21087212932829358       -6.5733992056937751E-004
 -0.86450186518382099      -0.89675230651033022       -1.4782183856732467E-003
  0.88699943271829396      -0.29628424658259944       -3.4325292035558563E-004
 -0.76300853729652851      -0.75379509791106369        5.0257915825191457E-005
 -0.58371085145029333      -0.46311860146484629        3.3453716851017390E-004
  0.84467180096787753       0.51422507952848884        1.5100979521562863E-003
 -0.31764891412168983       0.90394009186428481       -2.3370397104046647E-003
  0.35039846040080902       0.19647211641681883        2.7044185984381741E-004
   7.6770525476011153E-002 -0.13243077294845462        1.7447492622979510E-004
 -0.18665825108329570       0.61952907410426250        4.3154707465076214E-005
  0.56385470111709068       0.92621498336417907       -8.7934164386141433E-004
 -0.58878432092385635      -0.87586064897430149       -6.4528664478646913E-004
  -2.1374871290573694E-003 -0.27877219720930291        2.2200687235240935E-006
  -6.2568975024679618E-002 -0.36011697583756686        9.4241335271139093E-004
  0.40918016629864806        4.8316886630658029E-002   6.0633509207352887E-004
  0.14050373109698122       0.81499540232413414       -6.2246645396690781E-004
  0.88979724504636915      -0.61402198881468228        1.2848451094603919E-003
 -0.62112584729327525       0.31733281473016306       -2.0140090365394769E-004
 -0.76401189718427487      -0.13295227864552972        1.9008146407339943E-004
  0.54313966990672835      -0.34654338911875060       -3.0896011060064232E-003
  0.62472450258286738      -0.13104743836998622       -1.7496804248746667E-003
  0.38299903248667677      -0.36096388645489697       -7.2776321941736555E-004
  0.32611147086483250       0.48966575366275422       -9.8649163512209981E-005
 -0.42307838778647255      -0.37133704059816908        5.1943060018677656E-004
 -0.81544241528874140       0.87514869060757938        3.7690698250786303E-004
  0.81254684259374543       0.25578793093158825       -1.2366210738516958E-003
 -0.45274147546672827       0.31578307756006652        9.3139235531425335E-004
 -0.82883348402325319       0.76555518923357435       -4.0332174985091562E-004
 -0.61109019868174830       0.79489359933457981        2.7440571402859160E-004
  0.20024132794970373       0.28250684584981833        1.4301435701113974E-004
 -0.36616668259365004      -0.73047719739549599        5.2449667454601556E-004
  0.10926730028038656      -0.24164821121887448        1.4485063752323057E-004
  0.54884687139612942       -8.1431950653099161E-003   9.3086345813953031E-004
 -0.80379933274644544      -0.84779036487109649        4.4204416506307687E-004
  0.68142119851205196      -0.89706717510845646        5.0204689283003812E-004
  0.47354644770386400      -0.75261563620142957       -1.4605391298383452E-004
 -0.79707979335296586      -0.35915686170715899        1.7485744883694032E-005
  0.74743071671604122      -0.77893598164288269        1.5151772054300405E-005
 -0.91484278947602626      -0.68427977894333059       -3.5811811268163241E-004
   3.2500635212982187E-002  0.62311577421688091       -3.3241821966689677E-004
  0.63529543439816782       0.19799059083251991        6.6779354648494049E-005
 -0.15889024316671518      -0.75913175579697789        2.0511105176225231E-003
  0.77008408052213362      -0.35632897413122211        6.6682003753104624E-004
 -0.34455502718839903       0.46535493888939117        1.6735133885517062E-003
  -5.2058494101161701E-002 -0.46085264493716571        2.2904796715663700E-003
  0.30267934248451756      -0.26259461216165692        9.3498309975181826E-005
 -0.60513460230383553      -0.10555392851172818       -2.1010636722462728E-004
 -0.66438073511826357       0.55398502409922257       -4.2936561027606679E-004
 -0.70959951095732188       0.12566354388726220       -4.8549344943138451E-005
 -0.16272792832934879       0.75776062459109550        1.0947983156276431E-003
 -0.30591840737871978       0.17290637329513481        3.9213157449013991E-004
  -5.4326335005900672E-002  0.68985051632040051       -1.1714912234694896E-003
 -0.82213721394890316      -0.60637590205436420        3.5334072791520788E-004
  0.41334903916779719       0.65369429857219985        7.5475835536575886E-005
 -0.85662713110442956      -0.73149174626631797       -1.5125188760409247E-004
  0.46872856824588172       0.36053092197337433        1.4683597211018196E-005
  0.16637754143800865       0.16257932638816741       -1.3270178354396478E-005
  0.15279614202621383      -0.45544103792161073        1.8615370606034354E-004
  0.49911240118654265       0.46266208036926892       -8.3050269858531145E-004
 -0.30566946707700282      -0.45286874226790252       -1.2921808287980063E-004
  0.43515231368872920       0.13770498880032722       -1.2707633252784234E-005
  0.54992592948756691       0.21686808889684261       -5.0815742176957279E-004
 -0.72317513708827752       0.48121413722347683       -4.7760762987514305E-004
 -0.48388990228378814       -6.8599558684147244E-002   1.7351281255684192E-004
  0.45020901710679584      -0.26437349496423135       -7.3041651730498813E-005
  0.68567298280171207       0.85176335904557332        1.3452245838684873E-003
 -0.32905063595030959       0.57616729045068538        3.9528530150212404E-004
 -0.18949903983738459       0.36828367912726834        2.7613615832899896E-004
  0.79200394653160222       -1.7880172435509545E-002  -4.4634325667725072E-004
  0.21241052447022590      -0.22782345353107747       -4.0945045740148345E-004
  0.37392370468085345       0.39804480951036925       -1.9693874925974519E-004
  0.78771274017550419       0.90462594838814958       -4.1919180493700525E-004
  0.12377602566369705       0.30488511407056329       -2.4899981152515238E-006
  0.12399426389454882       0.92528791708924363        1.9190623233047988E-003
  0.13306708427458425      -0.88037952513172013        3.7772344393710577E-004
 -0.81356488854600695       0.48580905693437537        1.1497457593794280E-003
   5.0866323451257855E-002  0.27394916969483019       -2.3530465271237588E-004
   4.3095505351885777E-002 -0.44292279032054971        9.8540167505989373E-005
  0.74700772057448184       0.49411949522662257       -5.3702146277423424E-004
  0.64552924434381986      -0.81211129615004962        2.5581793059092917E-004
  0.68915923057173023      -0.41948760895942683       -5.4815637006921936E-004
 -0.49266119108333206      -0.91711917986426350       -3.4381610614323821E-003
  0.44858359026824046      -0.51369493746731765       -1.4643828389140356E-003
 -0.38394928071974288      -0.62266436325522223        2.5677534686385783E-003
  0.90676781230671621       0.35759258644184344       -1.6616056974462223E-003
 -0.57050407204797215      -0.71084787800100613        1.1229615819807748E-004
 -0.40725502734637575      -0.82000847634830687       -9.0543703246614982E-004
 -0.20147649406875345      -0.91870532270755012        7.1435319098960837E-003
  0.34884322098735643      -0.72052946891080261        7.1570391633724029E-004
  0.25090516121064321       0.79476521392279964        1.4913511486636111E-004
 -0.24914959870385078       0.25234015139433974       -7.5208955223615703E-005
  0.14354805604946530       0.38307576778467545        1.0753761515713833E-005
 -0.15326246736728155      -0.67107427128883379       -5.7939523961358930E-004
  0.37616980100740416      -0.23626097926023282       -1.3518383957984437E-003
  0.61970750895052840      -0.34003166920819505        1.3019519752077713E-003
 -0.20035124135391236      -0.27978430258797915        1.7575401280112146E-004
  0.20954804799569704       0.47210466367338455        1.5337207195043057E-004
  0.80203393589244243      -0.71303713870889607        1.9556971502110443E-004
 -0.47158456074003463       0.52651713711633108       -2.3866846735165481E-004
  0.78667421046403896      -0.10535321136468867        5.4859582673816298E-005
 -0.46862873570189878       0.42964484284873916       -3.5186012918275722E-004
  0.17018570038373371      -0.10866747454552339        1.1736941862894312E-003
  0.37508152241541559       0.55492755706404573       -2.5335763848088888E-004
  -2.2380063635945024E-002 -0.83445554398826771        3.0201734065857799E-003
 -0.86506206795929130      -0.14052783101416466        8.0826480733164896E-004
 -0.57443146989122251       0.21735439760015751        3.9441164093734216E-004
  0.32151277694412772      -0.16338278562540021        4.4437059362723019E-004
  0.92490779736125739       0.65376954297462686       -1.2725067848130545E-003
 -0.68909745867637096      -0.41251835035789597       -5.3581187253892715E-004
  -4.7529081795022687E-002  0.83459545109620614       -5.8017754124195520E-004
  0.61115937735783743       0.68759129520544748       -4.4041025099050835E-004
  0.46229513926966459       0.52945633643337242        2.7126892567896910E-004
 -0.46121997419922889      -0.47826340973619375       -7.3391544000811493E-004
   2.3899936375885611E-002  -5.3504198131726133E-002   5.9065521404555454E-005
 -0.50649458448691753       0.69618615272906248       -2.3750409270939521E-005
  0.55556090428475224      -0.73175744933047038        1.6822059761112396E-004
 -0.73008838708290891       0.32049731950640514        1.8668551732514693E-004
  0.85395913478968177       0.94040165368430850        2.6467700813839756E-005
 -0.39691749500159879       0.25641814455005441       -1.2128356369611737E-004
  0.55748357212637889       0.76090246830489816       -1.7249554872666994E-004
  0.36382580805022124       -1.6194622950987725E-002   1.7643085404062120E-003
  0.21512516957975891      -0.62680399722503721        2.5347736104408547E-004
 -0.36389685905440716      -0.54393364380175702        8.9837071662657308E-005
 -0.90871683091466871      -0.55332547772801166       -1.7592099842310416E-003
  -5.3013046759012417E-002  0.16856885905421093        1.4488702786197294E-004
 -0.43245468643170559       0.87912752416992901        2.2400967613037115E-003
 -0.18859761583287393      -0.40070929787469756       -2.0859492213376463E-004
 -0.60385153600785824      -0.61941653171306021       -2.6475684926763332E-004
  0.55795670053258761      -0.42683084282323813       -3.0919490205061351E-005
 -0.56955487225708334      -0.36605500426416238        2.5363933377531289E-004
  0.86737409284342593       0.75686029901589946        5.1997008106915987E-004
 -0.27509067953387545       0.76406532203051092       -1.9981718965667028E-004
  0.89518374079579277      -0.84469510705424700        1.2577747137024198E-004
  0.91010091404049742      -0.73901755590500673        4.8783468931001828E-004
 -0.91371618897265106       -1.8117718666802451E-002  -6.7930949769051674E-004
 -0.12443354593246791       0.46644890491601632        1.4022560205595447E-004
  0.47419922859465968       -5.8173541206185675E-004   5.3795903553499613E-004
 -0.37811967513061062      -0.43244880451612744        8.8874894751178601E-005
  0.65642941915559661       0.29059421668800600       -5.9472678211314189E-004
  0.58868207754220747        6.0112111873234175E-002   5.3193057048761538E-004
  0.28682297958985292       0.86517943461587055        5.0811955356455663E-004
  0.44786322384273647      -0.92443613593560703       -1.3099524324839407E-003
 -0.50350429532097496      -0.55547923259159271        1.6906332986099670E-004
  -4.4491685722179097E-002  0.27841115963428931        2.4414672497652390E-004
 -0.41822754304373166      -0.91944536504221563        9.5750606952926254E-003
 -0.11338749339299992      -0.24550548590687482       -7.6357948002225839E-004
  0.64779309380963945       0.92956094335208062        7.7820803175926434E-004
 -0.68473073807613072       0.70762663901424627       -1.7639298889604582E-004
 -0.24948561526637825      -0.76393940652990322        5.6226301658246491E-004
   5.6470609538029182E-002 -0.73206898598493053        1.3674077821690389E-004
 -0.88960251136780988       0.60504290388026716        1.0834975556660020E-003
 -0.89103747348191531      -0.37051575577389406        1.0465880145074102E-003
  0.65828959102737117       0.54383804412665193       -1.2166887046682895E-004
  -5.0180215504210368E-002   9.0036115834265962E-002   3.1765135397643363E-004
  0.79789061457181409      -0.61904560425553035       -3.3197608998142281E-004
  0.74075566515252556      -0.17487194325856481       -6.7133050756351675E-004
 -0.65664662919505234      -0.53154641255688051       -2.5966556044743072E-004
 -0.50634890659448617      -0.66588157132204073       -2.2987548225317234E-004
  -1.5350035903161974E-002 -0.15520046491762218        6.9115440523237481E-005
 -0.36528186322792755        5.7819990283179301E-002   3.5006750603239212E-004
 -0.11827919132025388       0.55528592885549832        4.6669401936405563E-004
  0.24944446990217473       0.57880487267244485       -5.4295321346931047E-004
  0.66852377333289925       0.11650495269080019       -2.5368008379422768E-004
 -0.24886227206025224       0.93353690329999095       -2.7571500898585788E-003
  0.19666409149237785      -0.84003817179609364       -6.1433473476424361E-005
 -0.33485489007025127      -0.88924962653237083       -7.7370777918217559E-004
  0.58712921419938890       0.60004336511186129       -3.0042880576941489E-004
  0.42845359658876569       0.25639370335793754        3.7544440595893569E-004
  0.77291585681944608      -0.28188921484411256        2.2564710256189890E-005
 -0.57413321018530250       -2.1383835318049549E-003  -1.0244124591252124E-004
 -0.82178422318166011       -1.9720249776596921E-002  -7.6045042421901687E-004
 -0.54755695977870600       0.14746365298894970        4.3162679688069083E-004
  0.52668590986806851      -0.81657505157492061        1.8890644293417802E-004
 -0.22238466805622181      -0.60316318599633956        2.2645163692214254E-004
  0.72327465351687659      -0.58931281078554609       -4.3780024337125578E-004
 -0.78559302092030592       0.20794018968208183        1.9590862086615868E-004
  0.81241481542085925       0.16606417894584991        9.4265024210282711E-005
  0.11067930009108706       0.22887072379007423        2.4392344890600270E-005
 -0.62990251026690225      -0.77794190031735133        1.2431966460435540E-004
 -0.92452695323893219       0.33360754466005837       -4.9261346320250698E-004
   5.7530475493645428E-002  0.13793842718265825        1.8582598881167200E-004
 -0.15723792535450398       0.20303789865288402        1.9498729786349145E-006
  0.21312142284889979      -0.91749669812369539        5.1851537605435150E-004
  0.19183688773725294       0.63557059779618230        2.0086784915962497E-004
 -0.39629133382909365       0.78156648237592985        3.0072643967293811E-004
 -0.74692489027377285      -0.61599366413358525       -9.9018673285100611E-004
  0.14613345667573507      -0.67542177593057340        6.2797351316157268E-004
   5.0278142658497504E-002 -0.54385418208973046       -6.6197750874841255E-004
  0.27181816680933113      -0.36639125301162778       -4.8833715401941369E-004
 -0.34813406702181493       0.35872932541972280        2.9407518273982802E-004
 -0.91700362738732100       0.47939128125528008       -2.6103057001380936E-004
 -0.16118050221927027       0.28565120423181556        8.0757621512717037E-005
 -0.23281140351228369      -0.84217084924497732        9.6900760809304209E-004
 -0.74135339293393265       0.59325889697457668        4.9904704776482234E-004
 -0.64032242064753597       0.40785989108838439        2.1073183388184979E-003
  0.51835985378715832       0.29581391821669967        5.5774525534646457E-004
 -0.16919231210040087       0.92489358714624781       -5.6426867469161479E-004
  0.14838904964139821      -0.36220874943702985       -1.6132787050775033E-002
  0.22920689959045726       0.21109378007358748        3.2367311002046151E-004
 -0.28167074089731403      -0.25985518074872149        6.4879047948052104E-004
  0.70339788433638040       -8.7337669094256221E-002   1.8678943726757602E-004
 -0.75187507170566814       0.92822126093606916        1.1039602569394569E-003
  0.51897781059274561       0.84772369751354182       -4.5158114014159922E-004
  0.74034490541893172       0.78500675134318221       -8.5602082264579771E-004
   1.6885574867637310E-002  0.72165441524112528       -2.6854641192277651E-003
 -0.48780284327026524      -0.29222144335274547        5.4711586520816979E-004
  0.87151202306892261      -0.53936438813810672        1.0184801734408055E-003
   2.1918911570565802E-002  0.45133095123451117       -2.1838841373922335E-004
  0.52977595188771964       0.13203076154180660       -3.1740183839001901E-005
  0.46112756916225250      -0.35112176290374508        1.3428016787520036E-004
 -0.69372706045986554       0.21581714033425992       -5.3453883829934767E-005
 -0.20892838148246295        3.3719379151410767E-002  -1.0182853398044145E-004
 -0.12974939009938380       0.83640394022543996        4.3129356118931650E-004
  0.34773290691240111       0.91329101756626474       -2.1290627296384756E-003
 -0.49803368519483548        6.8836416175971804E-002   1.5326678561455864E-004
 -0.91739025599820501      -0.79775184961619017        6.2650825373439245E-004
  0.12940366090232480       -3.8596670969717417E-002   2.3612999099231757E-004
  0.92499053339583126       0.54467493784298426       -2.1896979183229637E-003
  0.92973506686707763      -0.22457615688677146        2.6913296465054803E-003
  0.46300474578760653      -0.65397398487917169        1.5068302485365948E-004
 -0.10291341369577101       0.39021059405222380       -4.1940696074349582E-004
  0.87824145073300208        9.6161288810292289E-002  -1.6934177731264821E-004
  0.28135995595596119       -5.1139044123471589E-003  -3.3592365552248538E-004
  0.65194242664157698       -1.9274865452719947E-002  -2.9204086676948293E-005
 -0.25851006141571875       0.33372014028208086       -9.7360850359606843E-005
 -0.75114844318059304        5.8852433818801453E-002   4.3915678880501741E-004
  0.83951938534929904      -0.92083759639049889       -6.8817736501948501E-004
 -0.75963971374692818      -0.22221642728235103        7.9143559204020164E-006
 -0.66814824315473098       0.91827151621527880       -2.7257689843454558E-004
 -0.37155544061719770       0.13309993292143463        2.9462179004369204E-004
  0.27177598666108049      -0.80619452011019255       -8.1475474636372169E-004
 -0.89511744593296250       0.92305221586167008       -2.6086172222746645E-004
  0.67658644340287122       0.44058876357532872        2.7994673305975493E-004
  0.37324499708619419       0.76838428618003496       -7.1010099796531279E-004
 -0.28862125327638055       0.67463819353799659        3.2978613030865134E-005
  0.26470041284715196       0.33021792906711989       -5.1413645122178053E-005
  0.69682396293316584       0.61347590360226523        1.2832280616754677E-003
 -0.13758255376190198       0.68558227934579796       -1.9711580475694213E-003
  0.47564148634793901      -0.43135143823619426       -6.0620577414272070E-004
  0.33214055210398796      -0.42499253783962843       -6.1698199087434347E-004
 -0.32018537346401388       0.82824051581932756       -1.2311308771939533E-004
 -0.30631432084834387        1.6361063922250008E-003   2.1569270029209164E-004
 -0.79892510033182296       0.39153548626991341       -9.4813736331389453E-004
  0.81929793848145094       0.36020698051863853        2.4299263214366817E-004
   3.2515442136584749E-003 -0.60202522969750349       -5.8614293092995595E-004
  0.10198527495782939      -0.81026839420764296       -1.9822405139595656E-003
  0.93408527193580704      -0.36506694713520194        4.1693019071895043E-004
  0.22294401772620787      -0.42744358153558393        1.0557009507095039E-004
 -0.51603623506140495       0.27201676601220659        3.5084738106583302E-004
 -0.44356574541052374      -0.72318994685416271        4.1894767370709296E-005
   9.6918779842485314E-002  0.44422669829488881        3.1169831091837352E-004
 -0.92184910870014058      -0.19703180675341780       -8.0174661054177587E-004
 -0.79186081918850415      -0.68437474686385258        1.7269275210129997E-004
  0.90170688392779952       0.26625105812136018        4.5050531526669158E-004
 -0.67369919000649969      -0.14227901353273298       -5.3278890714647531E-004
  0.28602763063355652       0.15648184573955293        2.8178124011812855E-004
  0.87147603303888355       -8.0978302129322444E-002   1.2983526312305704E-003
 global rms error   1.4029609043337791E-003
