With Taylor series expansion
64 2.9221488736367021
16 1.2712956711354447E-002
4 1.3544968719242256E-004
1 2.1387167719114205E-006
0.25 4.5432909136084599E-007
6.25e-2 7.0029490926245787E-007
1.56250000E-02 9.2891872690533229E-007
3.90625000E-03 1.3277491799179237E-006
9.76562500E-04 1.9177824584125548E-006
2.44140625E-04 2.7517308421884467E-006
6.10351562E-05 3.5423685268175851E-006
1.52587891E-05 4.3590689471715721E-006
3.81469727E-06 6.5383900844960750E-006
9.53674316E-07 8.0409920780801895E-006
2.38418579E-07 8.2702807762917825E-006
5.96046448E-08 8.2808254060995776E-006
Without Taylor series expansion
64 2.5841981936432190
16 2.5707117242936450E-002
4 2.9148782899054103E-004
1 1.4522540921847971E-006
0.25 9.4611424408395085E-008
6.25e-2 2.3997831632988152E-007
1.56250000E-02 5.6338258737044850E-007
3.90625000E-03 8.3534891974104855E-007
9.76562500E-04 1.2011545829039593E-006
2.44140625E-04 1.7307758020264803E-006
6.10351562E-05 2.4597142546349496E-006
1.52587891E-05 3.2158116089817395E-006
3.81469727E-06 4.0992853348024903E-006
9.53674316E-07 5.7853205761837634E-006
2.38418579E-07 7.3140709142825136E-006
5.96046448E-08 7.9944508608688994E-006
